4
7
5
15
13
6.76
6.93
7.05
7.14
7.27
6.62
7.41
7.38
7.35
7.21
7.14
7.00
7.12
6.70
7.26
7.12
7.06
6.93
6.81
6.7
6.35
6.45
6.55
6.64
6.79
6.95
7.03
7.23
6.12
6.45
6.12
6.19
5.98
6.73
6.56
6.39
6.21
6.42
6.58
6.64
13.47
13.8
14.02
14.44
14.65
14.84
14.9
15
15
14.87
14.09
14.83
14.74
14.8
15.09
15.17
15.38
15.63
15.66
15.56
15.68
15.67
15.56
15.43
15.27
14.98
14.58
14.66
14.71
14.64
14.58
14.66
14.68
14.76
14.72
14.63
14.57
14.48
14.25
14.15
13.97
13.78
13.57
13.46
13.63
13.79
13.8
14.0
14.1
14.17
14.07
14.12
14.0
13.79
13.66
13.52
14.36
14.03
14.0
14.17
14.46
14.62
14.71
14.91
15.0
15.03
15.38
14.97
14.98
15.1
15.3
15.45
15.5
15.57
15.5
15.54
15.43
15.3
15.14
15.02
14.84
14.68
14.76
14.72
14.69
14.63
14.57
14.48
14.25
14.15
13.97
13.78
14.03
14.03
14.13
14.27
14.58
14.77
14.79
14.73
14.55
14.27
14.23
14.01